Final Stats:
Loss: 0.0017674339469522238
Accuracy: 0.9999479055404663
Precision: 0.999921977519989
Recall: 0.999921977519989
