Final Stats:
Loss: 0.02315625175833702
Accuracy: 0.9961813688278198
Precision: 0.994271993637085
Recall: 0.994271993637085
