Final Stats:
Loss: 0.020312119275331497
Accuracy: 0.9965661764144897
Precision: 0.994849443435669
Recall: 0.994849443435669
