Final Stats:
Loss: 0.053983867168426514
Accuracy: 0.987633466720581
Precision: 0.9814577698707581
Recall: 0.9814424514770508
