Final Stats:
Loss: 0.06230471655726433
Accuracy: 0.9909579753875732
Precision: 0.9864369034767151
Recall: 0.9864369034767151
