Final Stats:
Loss: 0.0014233952388167381
Accuracy: 0.9999582767486572
Precision: 0.9999375939369202
Recall: 0.9999375939369202
