Final Stats:
Loss: 0.02037450298666954
Accuracy: 0.996628999710083
Precision: 0.9949430823326111
Recall: 0.9949430823326111
