Final Stats:
Loss: 0.043949149549007416
Accuracy: 0.9895010590553284
Precision: 0.984251856803894
Recall: 0.984251856803894
