Final Stats:
Loss: 0.05027669295668602
Accuracy: 0.9928931593894958
Precision: 0.9893399477005005
Recall: 0.9893399477005005
