Final Stats:
Loss: 0.01855788379907608
Accuracy: 0.9983278512954712
Precision: 0.997491717338562
Recall: 0.997491717338562
