Final Stats:
Loss: 0.8553221225738525
Accuracy: 0.7895577549934387
Precision: 0.8288979530334473
Recall: 0.46457046270370483
