Final Stats:
Loss: 0.019440429285168648
Accuracy: 0.9982083439826965
Precision: 0.9974016547203064
Recall: 0.9972229599952698
