Final Stats:
Loss: 0.9491766095161438
Accuracy: 0.6670931577682495
Precision: 0.9555555582046509
Recall: 0.0013422609772533178
