Final Stats:
Loss: 0.024437645450234413
Accuracy: 0.9986666440963745
Precision: 0.9980000257492065
Recall: 0.9980000257492065
