Final Stats:
Loss: 0.021780744194984436
Accuracy: 0.9982105493545532
Precision: 0.9973332285881042
Recall: 0.9972982406616211
