Final Stats:
Loss: 0.040374189615249634
Accuracy: 0.9959883093833923
Precision: 0.994034469127655
Recall: 0.9939298033714294
