Final Stats:
Loss: 0.022926952689886093
Accuracy: 0.9962437152862549
Precision: 0.9943656325340271
Recall: 0.9943656325340271
