Final Stats:
Loss: 0.042859457433223724
Accuracy: 0.9898030757904053
Precision: 0.9847195744514465
Recall: 0.9846888780593872
