Final Stats:
Loss: 0.05800702050328255
Accuracy: 0.9916916489601135
Precision: 0.9875448942184448
Recall: 0.987529456615448
